filters_0,kernel_0,filters_1,kernel_1,filters_2,kernel_2,filters_3,kernel_3,units_0,units_1,convolution_layers,hidden_layers,Score
32,3,256,3,32,5,32,5,128,128,4,2,0.23140113055706024
32,3,64,5,256,3,256,5,32,32,4,1,0.2768384516239166
128,3,64,5,32,3,16,5,256,64,4,2,0.3267289698123932
64,3,128,5,256,5,16,5,128,256,3,1,0.3401351571083069
64,3,64,5,32,5,16,3,256,32,3,1,0.36335790157318115
128,3,32,3,32,5,32,3,128,64,3,1,0.37450212240219116
128,3,16,3,256,5,64,3,128,64,3,2,0.39134201407432556
128,3,32,5,16,5,256,3,128,64,3,1,0.39413711428642273
64,5,64,5,16,3,256,3,256,32,2,1,0.4000900685787201
128,5,256,3,16,3,256,3,32,32,2,2,0.41603270173072815
